E_ref (TeV) E_max (TeV) E_min (TeV) dnde (cm-2 s-1 MeV-1) dnde_err 
0.12589254117941678  0.15848931924611143  0.10000000000000006  [1.82846252e-17]  [3.85889134e-17]
0.19952623149688806  0.2511886431509581  0.15848931924611143  [9.63651804e-19]  [8.8626051e-18]
0.5011872336272726  0.6309573444801939  0.39810717055349737  [9.31767837e-20]  [5.83439818e-19]
1.2589254117941682  1.5848931924611147  1.0000000000000009  [9.7766333e-20]  [7.72424037e-20]
1.995262314968881  2.5118864315095815  1.5848931924611147  [2.67287045e-20]  [3.33945787e-20]
3.1622776601683826  3.981071705534978  2.5118864315095815  [5.1702005e-29]  [1.22671106e-22]
5.011872336272729  6.3095734448019405  3.981071705534978  [5.28835475e-31]  [1.254745e-24]
7.943282347242825  10.00000000000001  6.3095734448019405  [1.13853637e-29]  [4.04275888e-33]
12.589254117941685  15.84893192461115  10.00000000000001  [6.23782267e-37]  [2.96004228e-30]
19.952623149688815  25.118864315095824  15.84893192461115  [5.86017405e-49]  [8.28753762e-49]
